
GLOBAL

      lbs in^2    kg m^2
Ixx = 401.184 ->  0.117402
Ixy =   1.260 ->  0.0003687
Ixz =  -0.171 -> -0.000005004
Iyy = 622.877 ->  0.182279
Iyz = -69.748 -> -0.020411
Izz = 333.329 ->  0.097545

X-positive towards robot's right
Z-positive towards robot's back
Y-positive towards robot's top

+X -> -Y
+Z -> -X
+Y -> +Z

Rotation matrix:
 0  0 -1
-1  0  0
 0  1  0
 
Moments matrix:
   0.1174020000   0.0003687000  -0.0000050040
   0.0003687000   0.1822790000  -0.0204110000
  -0.0000050040  -0.0204110000   0.0975450000
 
Transformed moments matrix: (R * moments * R')
   0.0975450000  -0.0000050040   0.0204110000
  -0.0000050040   0.1174020000  -0.0003687000
   0.0204110000  -0.0003687000   0.1822790000

   
Transformed moments:
Ixx = 0.0975450000
Ixy = -0.0000050040
Ixz = 0.0204110000
Iyy = 0.1174020000
Iyz = -0.0003687000
Izz = 0.1822790000
 
 
----------------------------------------------------

Center of Gravity:

-0.07, 1.721, 4.433 (inches)
-0.001778, 0.0437134, 0.1125982 (meters in Inventor coords)
-0.1125982, 0.0017780, 0.0437134 (meters in ROS coords)

Ixx = 184.587 ->  0.054017
Ixy = 0.114   ->  0.000003336
Ixz = -3.124  -> -0.000091421
Iyy = 434.601 ->  0.127181
Iyz = 3.324   ->  0.000097273
Izz = 304.916 ->  0.089231

Moments matrix:
0.054017 0.000003336 -0.000091421
0.000003336 0.127181 0.000097273
-0.000091421 0.000097273 0.089231

Transformed moments matrix:
   0.0892310000  -0.0000914210  -0.0000972730
  -0.0000914210   0.0540170000  -0.0000033360
  -0.0000972730  -0.0000033360   0.1271810000
  
Transformed moments:
Ixx = 0.0892310000
Ixy = -0.0000914210
Ixz = -0.0000972730
Iyy = 0.0540170000
Iyz = -0.0000033360
Izz = 0.1271810000


